20
30
 653 2  3    44    3
68         3 4   5 4
5 5 33  2 4 44  54  
   4  32  33   4 3 2
   55 3   2 55  42  
4 7 8 3    55  4   0
5 667   2 4 88 5 3  
5    7   6 9 77     
 5  6 55  8    7 63 
 4677 4 4  877   6  
  6 775 4   7 7    3
034  6 23  5 4   5 4
0346 5  3 5    4 6  
  3 4  122   44  7 3
 1    01  0    6   3
  33   01   0  67 3 
         2  0    6  
0   00          4 20
0 4 1  4   6  0  4  
  554 6 7 77   1    
 3  45  8 7  5  122 
  2 4 5  6    5 2   
44        4 2    1 2
4  3   3365  323 3 3
  6 7 6   566   3   
     7 65   77  54  
 0     7     56764 2
   0 4 443 3   565 3
     3  3 2 0      4
0 0    10 0   1 2343