40
20
 4 55  5 3 34465  4  4  54 34  43  53  2
    77    6   6    77666  6  6       7  
 24 6 5 6 666    24 7 5  76  75 454 56 4
 0    44 6 6   2   4 4 5676      5 4    
0       456   3 544    3 6 866 4  6  5 3
  13443 3  655 34   556 54777 5  764   3
   44  4  35 5 4  56  6  4  554 565 33 3
0   654 432   432   77654576  5 56 33  3
   666 766 4  6  55567653 7 5455 45 54 2
 3 6  56 65 55 44 6  887  78  54 4 564 2
  445 6  76 5  5   7 66 6 8875  64 6   2
012333 4  45  54  665   5 67 7 6    56  
 01121335   5 7 645   3      8  675 5  3
   0  13 434   4 4  55  4     8    75   
    00235 5  5 4 4 66 5554  7 9 97 7 3 1
 0    12455 4 322 5  4 44  6788    7    
      11 4 6 5 3 33 431   2   7 6 575 55
   0  0 12445 4 33  421001 1  565 5     
 0      0  334 55  3210  0  01   6  78 6
           012 44   10  0       7 7888 5